1960 3014710265
1961 3055350225
1962 3107917777
1963 3172611908
1964 3237693548
1965 3304179974
1966 3373790399
1967 3443057901
1968 3513074151
1969 3587236940
1970 3662133694
1971 3739381339
1972 3815453389
1973 3890622432
1974 3966472859
1975 4040569076
1976 4112778663
1977 4184782729
1978 4258002941
1979 4333089655
1980 4408956174
1981 4486834726
1982 4567660104
1983 4649246993
1984 4730579720
1985 4813460048
1986 4898854126
1987 4986401638
1988 5074881976
1989 5163328985
1990 5261061501
1991 5348706782
1992 5432708619
1993 5517574906
1994 5601498139
1995 5686274984
1996 5769030141
1997 5851471617
1998 5932976778
1999 6013276244
2000 6092935834
2001 6172120908
2002 6251068953
2003 6330123446
2004 6409734721
2005 6489880308
2006 6570808566
2007 6652228521
2008 6734892910
2009 6817522232
2010 6899808880
2011 6980830785
2012 7060481779
2013 7144336011
2014 7228950396
2015 7313743812
2016 7399218301
2017 7484025095
2018 7567243296
